来菜-培训记录月度汇总表     2025年9月更新						
培训门店			培训月度			
以月度为单位进行培训记录填写
1.每次组织培训后需要将培训记录以日志的形式反馈至钉钉北京大区培训稽核沟通群（统一模板）
2.72小时内在培训反馈日志后评论反馈追踪结果
3.此表格直接放在培训资料第3页即可						
序号	培训时间	培训内容		参加人员（如人员多，可以单附签到表）		培训老师
1						
2						
3						
4						
5						
6						
7						
8						
9						
10						
11						
12						
13						
14						
15						
16						
17						
18						
19						
20						
21						
22						
23						
24						
25						
26						
来菜-培训记录签到表   2025年9月更新					
序号	姓名	序号	姓名	序号	姓名
1		11		21	
2		12		22	
3		13		23	
4		14		24	
5		15		25	
6		16		26	
7		17		27	
8		18		28	
9		19		29	
10		20		30	
